{
    "train_filenames": [
        "images/frame_00029.JPG",
        "images/frame_00020.JPG",
        "images/frame_00002.jpg",
        "images/frame_00021.JPG",
        "images/frame_00004.JPG",
        "images/frame_00013.JPG",
        "images/frame_00024.JPG",
        "images/frame_00036.jpg",
        "images/frame_00012.JPG",
        "images/frame_00016.JPG",
        "images/frame_00037.jpg",
        "images/frame_00019.JPG",
        "images/frame_00008.JPG",
        "images/frame_00006.JPG",
        "images/frame_00028.JPG",
        "images/frame_00009.JPG",
        "images/frame_00039.jpg",
        "images/frame_00026.JPG",
        "images/frame_00014.JPG",
        "images/frame_00010.JPG",
        "images/frame_00018.JPG",
        "images/frame_00030.jpg",
        "images/frame_00032.jpg",
        "images/frame_00025.JPG",
        "images/frame_00017.JPG",
        "images/frame_00027.JPG",
        "images/frame_00031.jpg",
        "images/frame_00007.JPG",
        "images/frame_00011.JPG",
        "images/frame_00038.jpg",
        "images/frame_00033.jpg",
        "images/frame_00034.jpg"
    ],
    "val_filenames": [
        "test_images/frame_00003.JPG",
        "test_images/frame_00005.JPG"
    ],
    "test_filenames": [
        "test_images/frame_00003.JPG",
        "test_images/frame_00005.JPG"
    ],
    "frames": [
        {
            "file_path": "images/frame_00002.jpg",
            "transform_matrix": [
                [
                    0.48902002469779454,
                    -0.005240008320700315,
                    -0.8722568186935354,
                    -3.994214991326088
                ],
                [
                    -0.8675947891387367,
                    0.10050112556283296,
                    -0.4870100672675202,
                    3.2014128438913136
                ],
                [
                    0.09021472886330287,
                    0.9949231458124806,
                    0.04460085899080951,
                    1.5888584624264332
                ],
                [
                    0.0,
                    0.0,
                    0.0,
                    1.0
                ]
            ],
            "colmap_im_id": 2,
            "w": 1280,
            "h": 1707,
            "fl_x": 2617.3958695673423,
            "fl_y": 2617.3958695673423,
            "cx": 640.0,
            "cy": 853.5,
            "k1": 0.5374604049694404,
            "k2": 0.0,
            "p1": 0.0,
            "p2": 0.0,
            "camera_model": "OPENCV"
        },
        {
            "file_path": "test_images/frame_00003.JPG",
            "transform_matrix": [
                [
                    0.9637166783658029,
                    0.02576887252160687,
                    0.2656805018222997,
                    1.5776838941700664
                ],
                [
                    0.2667002103257571,
                    -0.05191240334404042,
                    -0.9623804342313089,
                    -2.597765961761292
                ],
                [
                    -0.011007345355748977,
                    0.9983191211170959,
                    -0.0569014126380746,
                    0.16423608104720308
                ],
                [
                    0.0,
                    0.0,
                    0.0,
                    1.0
                ]
            ],
            "colmap_im_id": 3,
            "w": 1440,
            "h": 1920,
            "fl_x": 2662.242490977914,
            "fl_y": 2662.242490977914,
            "cx": 720.0,
            "cy": 960.0,
            "k1": 0.1614774115204728,
            "k2": 0.0,
            "p1": 0.0,
            "p2": 0.0,
            "camera_model": "OPENCV"
        },
        {
            "file_path": "images/frame_00004.JPG",
            "transform_matrix": [
                [
                    0.947036012588759,
                    0.04351686534101199,
                    0.3181651666837148,
                    1.28416917861908
                ],
                [
                    0.32071120239661416,
                    -0.0777439808964981,
                    -0.9439810369343671,
                    -1.4598385108103216
                ],
                [
                    -0.016343669028151864,
                    0.9960231703455784,
                    -0.08758269587904373,
                    0.12282808472580459
                ],
                [
                    0.0,
                    0.0,
                    0.0,
                    1.0
                ]
            ],
            "colmap_im_id": 4,
            "w": 1920,
            "h": 1440,
            "fl_x": 1332.620872962998,
            "fl_y": 1332.620872962998,
            "cx": 960.0,
            "cy": 720.0,
            "k1": 0.08492410910614805,
            "k2": 0.0,
            "p1": 0.0,
            "p2": 0.0,
            "camera_model": "OPENCV"
        },
        {
            "file_path": "test_images/frame_00005.JPG",
            "transform_matrix": [
                [
                    0.9966594917812729,
                    0.005561899486618537,
                    0.08147958466017893,
                    0.7677036128687001
                ],
                [
                    0.08137504528406588,
                    0.016968983490979344,
                    -0.9965390888491524,
                    -1.6265413046833204
                ],
                [
                    -0.006925275973615835,
                    0.9998405467240182,
                    0.016459698639575276,
                    0.09002670805671698
                ],
                [
                    0.0,
                    0.0,
                    0.0,
                    1.0
                ]
            ],
            "colmap_im_id": 5,
            "w": 1280,
            "h": 1707,
            "fl_x": 2333.088457724274,
            "fl_y": 2333.088457724274,
            "cx": 640.0,
            "cy": 853.5,
            "k1": 0.20768893429968566,
            "k2": 0.0,
            "p1": 0.0,
            "p2": 0.0,
            "camera_model": "OPENCV"
        },
        {
            "file_path": "images/frame_00006.JPG",
            "transform_matrix": [
                [
                    0.6063254148981541,
                    -0.09593922978126226,
                    -0.7894081044919412,
                    -1.6961218259724624
                ],
                [
                    -0.7941578818056984,
                    -0.021844667326017225,
                    -0.6073187542594928,
                    3.846643303481007
                ],
                [
                    0.04102133608828313,
                    0.9951474637953882,
                    -0.08943587248491694,
                    -0.1902566727976682
                ],
                [
                    0.0,
                    0.0,
                    0.0,
                    1.0
                ]
            ],
            "colmap_im_id": 6,
            "w": 1920,
            "h": 1440,
            "fl_x": 1323.4564773104844,
            "fl_y": 1323.4564773104844,
            "cx": 960.0,
            "cy": 720.0,
            "k1": -0.014930764212898665,
            "k2": 0.0,
            "p1": 0.0,
            "p2": 0.0,
            "camera_model": "OPENCV"
        },
        {
            "file_path": "images/frame_00007.JPG",
            "transform_matrix": [
                [
                    0.9933032011312183,
                    -0.022424467140037613,
                    -0.11333972779198002,
                    -1.632309581044375
                ],
                [
                    -0.11424997046271818,
                    -0.04463881791800342,
                    -0.9924486486383823,
                    -0.3939179286943619
                ],
                [
                    0.01719578063778387,
                    0.998751480203343,
                    -0.04690187544105787,
                    0.03437967704796088
                ],
                [
                    0.0,
                    0.0,
                    0.0,
                    1.0
                ]
            ],
            "colmap_im_id": 7,
            "w": 1920,
            "h": 1440,
            "fl_x": 2620.198783551417,
            "fl_y": 2620.198783551417,
            "cx": 960.0,
            "cy": 720.0,
            "k1": 0.13162414023575003,
            "k2": 0.0,
            "p1": 0.0,
            "p2": 0.0,
            "camera_model": "OPENCV"
        },
        {
            "file_path": "images/frame_00008.JPG",
            "transform_matrix": [
                [
                    0.9912680479414789,
                    -0.026043753724334456,
                    0.12926476713411267,
                    1.2211410339512805
                ],
                [
                    0.1303559982225205,
                    0.04579819020984626,
                    -0.9904089253944116,
                    -2.290332063848428
                ],
                [
                    0.019873873746715218,
                    0.9986111598943048,
                    0.04879324212276396,
                    0.05496355516897061
                ],
                [
                    0.0,
                    0.0,
                    0.0,
                    1.0
                ]
            ],
            "colmap_im_id": 8,
            "w": 1280,
            "h": 1700,
            "fl_x": 3105.987426846753,
            "fl_y": 3105.987426846753,
            "cx": 640.0,
            "cy": 850.0,
            "k1": 0.3389713707003861,
            "k2": 0.0,
            "p1": 0.0,
            "p2": 0.0,
            "camera_model": "OPENCV"
        },
        {
            "file_path": "images/frame_00009.JPG",
            "transform_matrix": [
                [
                    0.7244926395610762,
                    -0.034295050406490425,
                    0.688428837817999,
                    2.859828387050433
                ],
                [
                    0.6890677204733576,
                    0.060968866865956595,
                    -0.7221277406904764,
                    3.0815462142933225
                ],
                [
                    -0.017207318892705877,
                    0.9975503229364912,
                    0.06780310749388399,
                    -0.2046467502489568
                ],
                [
                    0.0,
                    0.0,
                    0.0,
                    1.0
                ]
            ],
            "colmap_im_id": 9,
            "w": 1080,
            "h": 1918,
            "fl_x": 1280.2098350471674,
            "fl_y": 1280.2098350471674,
            "cx": 540.0,
            "cy": 959.0,
            "k1": 0.05028381259119034,
            "k2": 0.0,
            "p1": 0.0,
            "p2": 0.0,
            "camera_model": "OPENCV"
        },
        {
            "file_path": "images/frame_00010.JPG",
            "transform_matrix": [
                [
                    0.7437221583066101,
                    -0.04384393987540335,
                    -0.6670495185366374,
                    -2.3263807197779953
                ],
                [
                    -0.6675772963839919,
                    0.0033809148335258088,
                    -0.7445328218201858,
                    2.7068840369098672
                ],
                [
                    0.034898489887065384,
                    0.9990326713131511,
                    -0.02675475756780341,
                    -0.19647797669520967
                ],
                [
                    0.0,
                    0.0,
                    0.0,
                    1.0
                ]
            ],
            "colmap_im_id": 10,
            "w": 1920,
            "h": 1080,
            "fl_x": 1422.9554554513425,
            "fl_y": 1422.9554554513425,
            "cx": 960.0,
            "cy": 540.0,
            "k1": 0.008080702440472591,
            "k2": 0.0,
            "p1": 0.0,
            "p2": 0.0,
            "camera_model": "OPENCV"
        },
        {
            "file_path": "images/frame_00011.JPG",
            "transform_matrix": [
                [
                    0.9997040901743256,
                    -0.02354252743731074,
                    -0.006122212883210851,
                    0.14667885136348496
                ],
                [
                    -0.004550163344810157,
                    0.06625792743989128,
                    -0.9977921542410051,
                    -1.452923353640242
                ],
                [
                    0.0238961943049396,
                    0.9975247548072347,
                    0.06613119872274356,
                    0.021191316642685625
                ],
                [
                    0.0,
                    0.0,
                    0.0,
                    1.0
                ]
            ],
            "colmap_im_id": 11,
            "w": 1280,
            "h": 1707,
            "fl_x": 2090.435110975943,
            "fl_y": 2090.435110975943,
            "cx": 640.0,
            "cy": 853.5,
            "k1": 0.06936885616625603,
            "k2": 0.0,
            "p1": 0.0,
            "p2": 0.0,
            "camera_model": "OPENCV"
        },
        {
            "file_path": "images/frame_00012.JPG",
            "transform_matrix": [
                [
                    0.7939807729082764,
                    -0.0038566169612891106,
                    0.607930636468989,
                    3.6867987418372485
                ],
                [
                    0.6078356977214985,
                    0.023811569370596235,
                    -0.7937057223804854,
                    1.7365226020249436
                ],
                [
                    -0.011414763571587246,
                    0.9997090255017823,
                    0.021250117714534774,
                    -0.08402284533021268
                ],
                [
                    0.0,
                    0.0,
                    0.0,
                    1.0
                ]
            ],
            "colmap_im_id": 12,
            "w": 1440,
            "h": 1920,
            "fl_x": 1812.4056169124547,
            "fl_y": 1812.4056169124547,
            "cx": 720.0,
            "cy": 960.0,
            "k1": 0.032429489804752853,
            "k2": 0.0,
            "p1": 0.0,
            "p2": 0.0,
            "camera_model": "OPENCV"
        },
        {
            "file_path": "images/frame_00013.JPG",
            "transform_matrix": [
                [
                    -0.45123442075825226,
                    -0.0784134017038138,
                    -0.8889537873006677,
                    -3.960184487084458
                ],
                [
                    -0.8917405340583238,
                    0.07806563928582655,
                    0.44576291442903887,
                    7.511934503899555
                ],
                [
                    0.03444295922739624,
                    0.9938596955285648,
                    -0.10515031223695143,
                    -0.37679404345655276
                ],
                [
                    0.0,
                    0.0,
                    0.0,
                    1.0
                ]
            ],
            "colmap_im_id": 13,
            "w": 1440,
            "h": 1920,
            "fl_x": 1518.953847782725,
            "fl_y": 1518.953847782725,
            "cx": 720.0,
            "cy": 960.0,
            "k1": 0.03174410573403563,
            "k2": 0.0,
            "p1": 0.0,
            "p2": 0.0,
            "camera_model": "OPENCV"
        },
        {
            "file_path": "images/frame_00014.JPG",
            "transform_matrix": [
                [
                    0.9353570031992936,
                    -0.006842447111400634,
                    0.35363888005077215,
                    2.081153017400544
                ],
                [
                    0.3537033210020911,
                    0.021238658147906105,
                    -0.9351165061703102,
                    -2.469395466198718
                ],
                [
                    -0.0011123300447386296,
                    0.9997510191630733,
                    0.022285923904283286,
                    0.13614338848031426
                ],
                [
                    0.0,
                    0.0,
                    0.0,
                    1.0
                ]
            ],
            "colmap_im_id": 14,
            "w": 1707,
            "h": 1280,
            "fl_x": 2718.351719942681,
            "fl_y": 2718.351719942681,
            "cx": 853.5,
            "cy": 640.0,
            "k1": 0.17788182517812484,
            "k2": 0.0,
            "p1": 0.0,
            "p2": 0.0,
            "camera_model": "OPENCV"
        },
        {
            "file_path": "images/frame_00016.JPG",
            "transform_matrix": [
                [
                    0.9840622563420565,
                    -0.013471240636580142,
                    0.1773132857929499,
                    1.2006160711487979
                ],
                [
                    0.1773352366678625,
                    0.00044326334912793,
                    -0.9841504038273604,
                    -2.2848882866069395
                ],
                [
                    0.013179130431640432,
                    0.9999091604707473,
                    0.0028251243779942323,
                    0.1079524160759001
                ],
                [
                    0.0,
                    0.0,
                    0.0,
                    1.0
                ]
            ],
            "colmap_im_id": 16,
            "w": 1440,
            "h": 1912,
            "fl_x": 5141.366983411799,
            "fl_y": 5141.366983411799,
            "cx": 720.0,
            "cy": 956.0,
            "k1": 0.25245113297257915,
            "k2": 0.0,
            "p1": 0.0,
            "p2": 0.0,
            "camera_model": "OPENCV"
        },
        {
            "file_path": "images/frame_00017.JPG",
            "transform_matrix": [
                [
                    -0.0210985538372229,
                    -0.08467228969263418,
                    -0.9961854518031188,
                    -3.4730205131719654
                ],
                [
                    -0.9979031809402366,
                    0.06276623893326237,
                    0.015800022769896897,
                    4.981429152739167
                ],
                [
                    0.06118898998459153,
                    0.9944299887917595,
                    -0.08581902409306638,
                    -0.28884032016334704
                ],
                [
                    0.0,
                    0.0,
                    0.0,
                    1.0
                ]
            ],
            "colmap_im_id": 17,
            "w": 1918,
            "h": 1440,
            "fl_x": 1414.3531348131166,
            "fl_y": 1414.3531348131166,
            "cx": 959.0,
            "cy": 720.0,
            "k1": 0.028451295579622275,
            "k2": 0.0,
            "p1": 0.0,
            "p2": 0.0,
            "camera_model": "OPENCV"
        },
        {
            "file_path": "images/frame_00018.JPG",
            "transform_matrix": [
                [
                    0.8813399227715015,
                    -0.0075999909650924045,
                    -0.47242161325076365,
                    -1.5982568010872567
                ],
                [
                    -0.47228596633310116,
                    0.014683297744888649,
                    -0.8813230774081341,
                    0.9339236267813944
                ],
                [
                    0.013634754634110846,
                    0.9998633111104065,
                    0.009351607423439622,
                    -0.08258449478498446
                ],
                [
                    0.0,
                    0.0,
                    0.0,
                    1.0
                ]
            ],
            "colmap_im_id": 18,
            "w": 1918,
            "h": 1440,
            "fl_x": 1777.995933496198,
            "fl_y": 1777.995933496198,
            "cx": 959.0,
            "cy": 720.0,
            "k1": 0.029743184011079622,
            "k2": 0.0,
            "p1": 0.0,
            "p2": 0.0,
            "camera_model": "OPENCV"
        },
        {
            "file_path": "images/frame_00019.JPG",
            "transform_matrix": [
                [
                    0.7437003442513745,
                    -0.043871656108874384,
                    -0.6670720169147044,
                    -2.3266045683292558
                ],
                [
                    -0.6676001356208001,
                    0.003393130703432934,
                    -0.7445122870598703,
                    2.70711653887141
                ],
                [
                    0.03492644956871641,
                    0.9990314131469009,
                    -0.026765251095960663,
                    -0.1969379558411552
                ],
                [
                    0.0,
                    0.0,
                    0.0,
                    1.0
                ]
            ],
            "colmap_im_id": 19,
            "w": 1920,
            "h": 1080,
            "fl_x": 1422.875879900354,
            "fl_y": 1422.875879900354,
            "cx": 960.0,
            "cy": 540.0,
            "k1": 0.008277845338563142,
            "k2": 0.0,
            "p1": 0.0,
            "p2": 0.0,
            "camera_model": "OPENCV"
        },
        {
            "file_path": "images/frame_00020.JPG",
            "transform_matrix": [
                [
                    0.5741306204712409,
                    0.01626810695135036,
                    -0.8186020885225783,
                    -2.9198343235825552
                ],
                [
                    -0.8186618587183743,
                    0.02717645277977244,
                    -0.5736324620295519,
                    3.7862860061367845
                ],
                [
                    0.01291478676109379,
                    0.9994982686881094,
                    0.028920912371279923,
                    -0.2384836103836317
                ],
                [
                    0.0,
                    0.0,
                    0.0,
                    1.0
                ]
            ],
            "colmap_im_id": 20,
            "w": 1080,
            "h": 1920,
            "fl_x": 1420.9400758889444,
            "fl_y": 1420.9400758889444,
            "cx": 540.0,
            "cy": 960.0,
            "k1": -0.01897974459130874,
            "k2": 0.0,
            "p1": 0.0,
            "p2": 0.0,
            "camera_model": "OPENCV"
        },
        {
            "file_path": "images/frame_00021.JPG",
            "transform_matrix": [
                [
                    0.9751238980166351,
                    0.0009787929027991536,
                    0.22165835306005555,
                    2.313975107968051
                ],
                [
                    0.22163819272435437,
                    0.009885656840717554,
                    -0.9750788610746874,
                    -2.6466294536944517
                ],
                [
                    -0.003145638683119711,
                    0.9999506566592578,
                    0.009422802342947489,
                    0.14884154441134304
                ],
                [
                    0.0,
                    0.0,
                    0.0,
                    1.0
                ]
            ],
            "colmap_im_id": 21,
            "w": 1280,
            "h": 1707,
            "fl_x": 1294.4466517084943,
            "fl_y": 1294.4466517084943,
            "cx": 640.0,
            "cy": 853.5,
            "k1": 0.04750403985227018,
            "k2": 0.0,
            "p1": 0.0,
            "p2": 0.0,
            "camera_model": "OPENCV"
        },
        {
            "file_path": "images/frame_00024.JPG",
            "transform_matrix": [
                [
                    0.3441026191212957,
                    -0.170198750916341,
                    0.9233773728548809,
                    15.903307218904716
                ],
                [
                    0.9375827795797641,
                    0.11498836868219033,
                    -0.3282014724270627,
                    -0.2729582371123118
                ],
                [
                    -0.050318177126639385,
                    0.9786777101039577,
                    0.19914321679717376,
                    2.8175670282745764
                ],
                [
                    0.0,
                    0.0,
                    0.0,
                    1.0
                ]
            ],
            "colmap_im_id": 24,
            "w": 1280,
            "h": 1707,
            "fl_x": 2035.2314105591233,
            "fl_y": 2035.2314105591233,
            "cx": 640.0,
            "cy": 853.5,
            "k1": -0.1418773361285613,
            "k2": 0.0,
            "p1": 0.0,
            "p2": 0.0,
            "camera_model": "OPENCV"
        },
        {
            "file_path": "images/frame_00025.JPG",
            "transform_matrix": [
                [
                    0.8247421564158656,
                    0.07335826701736062,
                    0.5607307197672674,
                    3.8988017300317463
                ],
                [
                    0.5648044886264956,
                    -0.05737583109391311,
                    -0.8232277349759575,
                    1.1174453924911525
                ],
                [
                    -0.028218168931928224,
                    0.9956538448007382,
                    -0.08875334515181264,
                    -0.05198814846881544
                ],
                [
                    0.0,
                    0.0,
                    0.0,
                    1.0
                ]
            ],
            "colmap_im_id": 25,
            "w": 1920,
            "h": 1440,
            "fl_x": 1616.1701432847576,
            "fl_y": 1616.1701432847576,
            "cx": 960.0,
            "cy": 720.0,
            "k1": 0.048083392400572196,
            "k2": 0.0,
            "p1": 0.0,
            "p2": 0.0,
            "camera_model": "OPENCV"
        },
        {
            "file_path": "images/frame_00026.JPG",
            "transform_matrix": [
                [
                    0.984033287503623,
                    -0.007443590184278593,
                    0.1778287998328184,
                    1.0151624974037725
                ],
                [
                    0.17768297822221477,
                    0.099218446961167,
                    -0.9790732654059644,
                    -1.0803541101830727
                ],
                [
                    -0.010356077196315054,
                    0.9950378348323157,
                    0.09895685381680927,
                    -0.08201854051555327
                ],
                [
                    0.0,
                    0.0,
                    0.0,
                    1.0
                ]
            ],
            "colmap_im_id": 26,
            "w": 1440,
            "h": 1080,
            "fl_x": 1097.2243748853139,
            "fl_y": 1097.2243748853139,
            "cx": 720.0,
            "cy": 540.0,
            "k1": 0.019626270802184893,
            "k2": 0.0,
            "p1": 0.0,
            "p2": 0.0,
            "camera_model": "OPENCV"
        },
        {
            "file_path": "images/frame_00027.JPG",
            "transform_matrix": [
                [
                    0.7120734396272762,
                    0.16494969634595333,
                    0.682453671872866,
                    4.506329510488946
                ],
                [
                    0.6998234614137,
                    -0.08845105839124393,
                    -0.7088184063104005,
                    1.6297663351500493
                ],
                [
                    -0.05655563130517744,
                    0.9823278515571299,
                    -0.17841931684328993,
                    -0.06415435229858289
                ],
                [
                    0.0,
                    0.0,
                    0.0,
                    1.0
                ]
            ],
            "colmap_im_id": 27,
            "w": 1920,
            "h": 1440,
            "fl_x": 1874.8625035538585,
            "fl_y": 1874.8625035538585,
            "cx": 960.0,
            "cy": 720.0,
            "k1": 0.026349952748379774,
            "k2": 0.0,
            "p1": 0.0,
            "p2": 0.0,
            "camera_model": "OPENCV"
        },
        {
            "file_path": "images/frame_00028.JPG",
            "transform_matrix": [
                [
                    -0.1670132564360668,
                    -0.010289522883435308,
                    -0.9859009574462597,
                    -5.147159620778034
                ],
                [
                    -0.9853245913945357,
                    0.037484278347857766,
                    0.16652440803056842,
                    8.229713864577299
                ],
                [
                    0.035242329205254025,
                    0.9992442417124912,
                    -0.0163988913227973,
                    -0.4350790990444845
                ],
                [
                    0.0,
                    0.0,
                    0.0,
                    1.0
                ]
            ],
            "colmap_im_id": 28,
            "w": 1705,
            "h": 1280,
            "fl_x": 1245.525865899404,
            "fl_y": 1245.525865899404,
            "cx": 852.5,
            "cy": 640.0,
            "k1": 0.016279153007069662,
            "k2": 0.0,
            "p1": 0.0,
            "p2": 0.0,
            "camera_model": "OPENCV"
        },
        {
            "file_path": "images/frame_00029.JPG",
            "transform_matrix": [
                [
                    0.8094387456429016,
                    -0.010528530668180226,
                    0.5871099276064194,
                    2.7819704349369707
                ],
                [
                    0.5867904307074557,
                    0.05203633258470311,
                    -0.8080651028978375,
                    2.322867093361483
                ],
                [
                    -0.022043309238962527,
                    0.9985896905802221,
                    0.04829826482071706,
                    -0.10673963510523524
                ],
                [
                    0.0,
                    0.0,
                    0.0,
                    1.0
                ]
            ],
            "colmap_im_id": 29,
            "w": 1280,
            "h": 1707,
            "fl_x": 1666.5244258804194,
            "fl_y": 1666.5244258804194,
            "cx": 640.0,
            "cy": 853.5,
            "k1": 0.036552277698996355,
            "k2": 0.0,
            "p1": 0.0,
            "p2": 0.0,
            "camera_model": "OPENCV"
        },
        {
            "file_path": "images/frame_00030.jpg",
            "transform_matrix": [
                [
                    0.9677713125903157,
                    -0.0031773015788073965,
                    -0.2518106258319833,
                    0.05565906356720206
                ],
                [
                    -0.2513394111865964,
                    0.05024020542677526,
                    -0.9665942386250036,
                    -1.5462013681909959
                ],
                [
                    0.015722178970893032,
                    0.9987321094834953,
                    0.04782244844269769,
                    0.047018853591743806
                ],
                [
                    0.0,
                    0.0,
                    0.0,
                    1.0
                ]
            ],
            "colmap_im_id": 30,
            "w": 1706,
            "h": 1279,
            "fl_x": 1335.1035541857746,
            "fl_y": 1335.1035541857746,
            "cx": 853.0,
            "cy": 639.5,
            "k1": 0.029686749765763982,
            "k2": 0.0,
            "p1": 0.0,
            "p2": 0.0,
            "camera_model": "OPENCV"
        },
        {
            "file_path": "images/frame_00031.jpg",
            "transform_matrix": [
                [
                    0.9179660866111378,
                    -0.04263581023253938,
                    -0.3943608138718248,
                    -2.7733896340105826
                ],
                [
                    -0.39584177496685413,
                    -0.034684640096327844,
                    -0.9176634813113568,
                    -5.005719798319267
                ],
                [
                    0.025447063149283272,
                    0.9984884393057354,
                    -0.04871635813434018,
                    0.16666075820570708
                ],
                [
                    0.0,
                    0.0,
                    0.0,
                    1.0
                ]
            ],
            "colmap_im_id": 31,
            "w": 1706,
            "h": 1279,
            "fl_x": 1956.5985191144903,
            "fl_y": 1956.5985191144903,
            "cx": 853.0,
            "cy": 639.5,
            "k1": 0.024237145855895675,
            "k2": 0.0,
            "p1": 0.0,
            "p2": 0.0,
            "camera_model": "OPENCV"
        },
        {
            "file_path": "images/frame_00032.jpg",
            "transform_matrix": [
                [
                    0.7485262133320216,
                    -0.10913067664319562,
                    -0.654063455155708,
                    -7.031034755848544
                ],
                [
                    -0.6622568734870798,
                    -0.07315382154272908,
                    -0.7456972253621523,
                    0.20273871589943265
                ],
                [
                    0.03353120149864372,
                    0.9913319392661032,
                    -0.1270300937453977,
                    -0.1540302872287345
                ],
                [
                    0.0,
                    0.0,
                    0.0,
                    1.0
                ]
            ],
            "colmap_im_id": 32,
            "w": 1706,
            "h": 1279,
            "fl_x": 2056.67976495629,
            "fl_y": 2056.67976495629,
            "cx": 853.0,
            "cy": 639.5,
            "k1": 0.023343001248580714,
            "k2": 0.0,
            "p1": 0.0,
            "p2": 0.0,
            "camera_model": "OPENCV"
        },
        {
            "file_path": "images/frame_00033.jpg",
            "transform_matrix": [
                [
                    0.9212460214276399,
                    -0.04140164519451194,
                    -0.3867708259149498,
                    -2.7821720428021086
                ],
                [
                    -0.38727859420666577,
                    -0.004715729941901332,
                    -0.9219506778350043,
                    -5.026175608872063
                ],
                [
                    0.036346368086143596,
                    0.999131455648506,
                    -0.020378318395877542,
                    0.17117886583015204
                ],
                [
                    0.0,
                    0.0,
                    0.0,
                    1.0
                ]
            ],
            "colmap_im_id": 33,
            "w": 1706,
            "h": 1279,
            "fl_x": 2823.762626458089,
            "fl_y": 2823.762626458089,
            "cx": 853.0,
            "cy": 639.5,
            "k1": 0.03457654695798497,
            "k2": 0.0,
            "p1": 0.0,
            "p2": 0.0,
            "camera_model": "OPENCV"
        },
        {
            "file_path": "images/frame_00034.jpg",
            "transform_matrix": [
                [
                    0.9997828988874441,
                    0.006558006338573468,
                    0.019777452947282916,
                    0.6488613055874692
                ],
                [
                    0.019831558208701913,
                    -0.00829050067860296,
                    -0.9997689617594222,
                    -2.0644529472412385
                ],
                [
                    -0.006392526201246819,
                    0.9999441285148692,
                    -0.008418756286118443,
                    0.09448273415457648
                ],
                [
                    0.0,
                    0.0,
                    0.0,
                    1.0
                ]
            ],
            "colmap_im_id": 34,
            "w": 3072,
            "h": 4096,
            "fl_x": 3244.9823197160863,
            "fl_y": 3244.9823197160863,
            "cx": 1536.0,
            "cy": 2048.0,
            "k1": 0.025055390055666316,
            "k2": 0.0,
            "p1": 0.0,
            "p2": 0.0,
            "camera_model": "OPENCV"
        },
        {
            "file_path": "images/frame_00036.jpg",
            "transform_matrix": [
                [
                    0.9996772666470393,
                    0.019257564190491672,
                    -0.016568306206527706,
                    4.325316891685947
                ],
                [
                    -0.02171536459350075,
                    0.30931650291627577,
                    -0.9507111779947773,
                    -7.109276074772626
                ],
                [
                    -0.013183531001803195,
                    0.9507641385985771,
                    0.3096348611917429,
                    10.708520037448437
                ],
                [
                    0.0,
                    0.0,
                    0.0,
                    1.0
                ]
            ],
            "colmap_im_id": 36,
            "w": 1706,
            "h": 1278,
            "fl_x": 1164.8871140307838,
            "fl_y": 1164.8871140307838,
            "cx": 853.0,
            "cy": 639.0,
            "k1": 0.12137019882051514,
            "k2": 0.0,
            "p1": 0.0,
            "p2": 0.0,
            "camera_model": "OPENCV"
        },
        {
            "file_path": "images/frame_00037.jpg",
            "transform_matrix": [
                [
                    0.9998401492247269,
                    0.005552781828797185,
                    0.016995370317756334,
                    0.6449870326578405
                ],
                [
                    0.016815000012284417,
                    0.0310575161504868,
                    -0.9993761486373133,
                    -1.175480430147803
                ],
                [
                    -0.006077151706413809,
                    0.999502174737266,
                    0.03095918155593265,
                    0.05930726734263788
                ],
                [
                    0.0,
                    0.0,
                    0.0,
                    1.0
                ]
            ],
            "colmap_im_id": 37,
            "w": 3000,
            "h": 4000,
            "fl_x": 3198.9471962375405,
            "fl_y": 3198.9471962375405,
            "cx": 1500.0,
            "cy": 2000.0,
            "k1": 0.05224160723141304,
            "k2": 0.0,
            "p1": 0.0,
            "p2": 0.0,
